5003655.
5003656.
5003657.
5003658.
5003659.
5003660.
5003661.
5003662.
5003663.
5003664.
5003665.
5003666.
5003667.
5003668.
5003669.
5003670.
5003671.
5003672.
5003673.
5003674.
5003675.
5003676.
5003677.
5003678.
5003679.
5003680.
5003681.
5003682.
5003683.
5003684.
5003685.
5003686.
5003687.
5003688.
5003689.
5003690.
5003691.
5003692.
5003693.
5003694.
5003695.
5003696.
5003697.
5003698.
5003699.
5003700.
5003701.
5003702.
5003703.
5003704.
5003705.
5003706.
5003707.
5003708.
5003709.
5003710.
5003711.
5003712.
5003713.
5003714.
5003715.
5003716.
5003717.
5003718.
5003719.
5003720.
5003721.
5003722.
5003723.
5003724.
5003725.
5003726.
5003727.
5003728.
5003729.
5003730.
5003731.
5003732.
5003733.
5003734.
5003735.
5003736.
5003737.
5003738.
5003739.
5003740.
5003741.
5003742.
5003743.
5003744.
5003745.
5003746.
5003747.
5003748.
5003749.
5003750.
5003751.
5003752.
5003753.
5003754.
5003755.
5003756.
5003757.
5003758.
5003759.
5003760.
5003761.
5003762.
5003763.
5003764.
5003765.
5003766.
5003767.
5003768.
5003769.
5003770.
5003771.
5003772.
5003773.
5003774.
5003775.
5003776.
5003777.
5003778.
5003779.
5003780.
5003781.
5003782.
5003783.
5003784.
5003785.
5003786.
5003787.
5003788.
5003789.
5003790.
5003791.
5003792.
5003793.
5003794.
5003795.
5003796.
5003797.
5003799.
5003802.
5003806.
5003808.
5003810.
5003812.
5003815.
5003817.
5003818.
5003820.
5003822.
5003823.
5003825.
5003826.
5003828.
5003829.
5003830.
5003831.
5003832.
5003833.
5003834.
5003835.
5003836.
5003837.
5003838.
5003839.
5003840.
5003841.
5003842.
5003843.
5003844.
5003845.
5003846.
5003847.
5003848.
5003849.
5003850.
5003851.
5003852.
5003853.
5003854.
5003855.
5003856.
5003857.
5003858.
5003859.
5003860.
5003861.
5003862.
5003863.
5003864.
5003865.
5003866.
5003867.
5003868.
5003869.
5003870.
5003871.
5003872.
5003873.
5003874.
5003875.
