5018602.
5018603.
5018604.
5018606.
5018607.
5018608.
5018609.
5018610.
5018611.
5018613.
5018614.
5018615.
5018616.
5018618.
5018623.
5018627.
5018636.
5018642.
5018647.
5018655.
5018659.
5018660.
5018666.
5018669.
5018671.
5018677.
5018683.
5018688.
5018690.
5018695.
5018697.
5018701.
5018705.
5018711.
5018718.
5018720.
5018727.
5018731.
5018735.
5018738.
5018743.
5018748.
5018752.
5018759.
5018762.
5018765.
5018767.
5018772.
5018777.
5018781.
5018789.
5018795.
5018801.
5018806.
5018809.
5018814.
5018815.
5018816.
5018818.
5018819.
5018821.
5018822.
5018823.
5018825.
5018826.
5018828.
5018829.
5018830.
5018832.
5018833.
5018834.
5018836.
5018837.
5018838.
5018839.
5018841.
5018842.
5018844.
5018845.
5018846.
5018849.
5018850.
5018853.
5018854.
5018855.
5018857.
5018858.
5018859.
5018860.
5018862.
5018863.
5018864.
5018865.
5018866.
5018868.
5018869.
5018870.
5018872.
5018873.
5018874.
5018875.
5018876.
5018878.
5018879.
5018880.
5018882.
5018883.
5018884.
5018885.
5018886.
5018887.
5018888.
5018889.
5018892.
5018893.
5018894.
5018896.
5018897.
5018898.
5018900.
5018901.
5018902.
5018904.
5018905.
5018906.
5018907.
5018908.
5018910.
5018911.
5018912.
5018914.
5018915.
5018916.
5018917.
5018918.
5018920.
5018921.
5018922.
5018924.
5018925.
5018926.
5018928.
5018929.
5018931.
5018932.
5018934.
5018935.
5018936.
5018938.
5018939.
5018940.
5018941.
5018943.
5018944.
5018945.
5018947.
5018948.
5018949.
5018951.
5018953.
5018954.
5018955.
5018957.
5018958.
5018959.
5018961.
5018962.
5018963.
5018965.
5018966.
5018968.
5018969.
5018971.
5018972.
5018973.
5018974.
5018976.
5018978.
5018979.
5018980.
5018982.
5018983.
5018985.
5018986.
5018991.
5018998.
5019002.
5019009.
5019014.
5019019.
5019023.
5019027.
5019031.
5019037.
5019042.
5019045.
5019050.
5019055.
5019056.
5019061.
5019064.
5019068.
5019070.
5019077.
5019081.
